VAL_AUC=0.493410
THR_05_PREC=0.490537  THR_05_REC=0.510638  THR_05_F1=0.500386
BEST_THR=0.0500  BEST_F1=0.664572  BEST_PREC=0.497647  BEST_REC=1.000000
